ID,NB_label,MLP_label,KNN_label,LSTM_label
0,2,2,2,2
1,0,2,2,2
2,2,2,2,2
3,2,2,2,2
4,2,2,2,2
5,0,1,2,2
6,2,2,2,2
7,2,2,2,2
8,2,1,2,2
9,0,2,2,2
10,1,1,1,2
11,2,2,2,2
12,2,1,1,1
13,1,2,2,2
14,0,1,2,2
15,2,2,2,1
16,2,2,2,2
17,2,2,2,2
18,2,1,2,2
19,2,2,2,2
20,2,1,2,2
21,2,2,2,2
22,0,0,0,0
23,2,1,2,2
24,0,2,2,2
25,0,2,2,2
26,2,2,2,2
27,2,2,2,2
28,0,0,0,2
29,2,2,2,2
30,2,2,2,2
31,2,2,2,2
32,0,1,1,0
33,2,2,2,2
34,0,0,0,2
35,0,2,2,2
36,2,2,2,2
37,2,1,1,2
38,0,1,1,2
39,2,2,2,2
40,2,2,2,2
41,0,1,2,2
42,1,1,1,2
43,0,2,2,2
44,2,2,2,2
45,0,1,2,2
46,2,1,1,2
47,0,2,1,2
48,2,1,2,2
49,2,1,1,1
50,2,2,2,2
51,2,2,2,2
52,2,2,2,2
53,0,1,0,2
54,0,1,2,2
55,0,1,2,2
56,1,2,2,2
57,1,2,2,2
58,2,2,2,2
59,2,2,1,2
60,1,1,1,2
61,2,2,2,2
62,0,2,2,2
63,0,1,2,2
64,2,1,1,2
65,2,2,2,2
66,2,2,2,2
67,1,2,2,2
68,0,0,0,0
69,2,2,2,2
70,0,2,2,2
71,0,1,0,0
72,1,2,1,2
73,2,2,2,2
74,0,2,2,2
75,2,2,2,2
76,0,2,2,2
77,2,2,2,2
78,2,1,2,2
79,1,1,1,1
80,2,2,2,2
81,1,1,1,2
82,2,1,2,2
83,2,2,1,2
84,2,2,2,2
85,2,2,2,2
86,2,2,2,2
87,2,2,2,2
88,0,2,2,2
89,2,2,2,2
90,2,1,2,2
91,2,1,0,2
92,0,1,2,2
93,1,2,2,1
94,0,1,2,2
95,2,1,0,2
96,0,1,0,2
97,2,1,2,0
98,1,2,1,1
99,2,2,2,2
100,1,1,1,1
101,0,2,2,2
102,2,2,2,2
103,2,2,2,2
104,2,1,2,2
105,1,0,0,2
106,1,2,2,1
107,2,2,2,2
108,2,2,1,2
109,2,2,2,2
110,0,2,2,2
111,2,2,2,2
112,0,2,2,2
113,0,2,2,2
114,2,1,2,2
115,0,1,1,1
116,2,1,0,2
117,1,2,1,1
118,2,2,2,2
119,2,2,2,2
120,1,2,1,2
121,2,2,2,2
122,2,1,1,2
123,2,2,2,2
124,2,2,1,2
125,2,2,2,2
126,1,1,2,2
127,2,2,2,2
128,1,2,1,2
129,2,1,2,2
130,2,2,2,0
131,0,1,2,2
132,2,2,2,2
133,2,2,2,2
134,2,1,2,1
135,2,2,2,2
136,2,2,2,2
137,2,2,2,2
138,2,2,2,2
139,0,1,2,2
140,1,1,1,0
141,2,2,2,2
142,2,2,2,0
143,2,2,2,2
144,2,2,2,2
145,2,2,2,2
146,2,1,1,2
147,1,2,1,2
148,2,1,1,0
149,2,2,2,2
150,0,1,2,2
151,2,2,1,2
152,2,2,2,2
153,1,1,2,2
154,0,1,2,2
155,2,2,2,2
156,0,1,1,2
157,2,2,2,2
158,2,2,2,2
159,2,2,2,2
160,0,0,1,0
161,0,1,2,2
162,2,1,2,2
163,2,2,2,2
164,2,2,2,0
165,1,1,1,0
166,2,2,2,2
167,2,2,2,2
168,2,2,2,2
169,2,2,2,2
170,0,2,2,2
171,1,1,1,2
172,1,1,1,2
173,2,2,2,2
174,0,0,0,2
175,2,1,1,2
176,2,2,2,2
177,2,2,2,2
178,2,1,2,2
179,2,2,2,2
180,2,2,2,2
181,2,2,2,2
182,2,2,2,2
183,2,2,2,2
184,1,2,2,2
185,0,1,2,2
186,2,2,2,2
187,0,2,2,2
188,0,2,2,2
189,2,2,2,2
190,2,2,2,2
191,2,1,2,2
192,2,2,0,2
193,2,2,1,2
194,2,2,0,2
195,2,2,2,2
196,2,2,2,2
197,0,0,2,2
198,2,1,1,2
199,2,2,2,2
200,1,2,2,0
201,2,2,2,2
202,2,2,2,2
203,1,1,1,2
204,1,1,1,0
205,2,1,2,0
206,0,1,1,2
207,2,2,2,2
208,0,2,2,2
209,2,2,2,2
210,2,2,2,2
211,2,1,2,2
212,2,2,2,2
213,1,1,1,1
214,2,2,2,2
215,2,1,2,2
216,2,2,1,1
217,0,2,2,2
218,2,2,2,2
219,2,2,2,2
220,0,1,2,2
221,2,2,2,2
222,2,1,1,2
223,0,0,2,2
224,2,1,1,1
225,2,2,2,2
226,2,2,2,2
227,0,0,0,0
228,2,2,2,2
229,2,2,2,2
230,2,2,2,2
231,2,1,1,2
232,1,1,1,1
233,0,1,1,1
234,0,0,0,0
235,0,1,2,2
236,2,1,0,2
237,2,2,2,2
238,1,2,1,2
239,2,2,2,2
240,2,2,2,2
241,0,2,2,2
242,2,2,2,2
243,2,2,2,2
244,2,2,2,2
245,2,2,2,2
246,0,1,1,1
247,2,1,2,2
248,1,1,0,2
249,2,1,2,1
250,2,2,2,2
251,2,2,2,2
252,2,2,2,2
253,2,2,2,2
254,2,2,2,2
255,1,1,2,2
256,1,2,2,2
257,0,1,2,2
258,2,2,2,2
259,2,2,2,2
260,0,1,2,2
261,0,0,0,2
262,0,2,2,2
263,2,2,2,2
264,2,1,2,2
265,1,1,1,2
266,2,2,2,2
267,1,1,1,2
268,0,2,2,2
269,2,2,2,2
270,2,2,2,2
271,2,2,2,2
272,2,2,2,2
273,0,2,2,2
274,0,1,2,2
275,1,2,1,2
276,0,1,0,2
277,0,1,0,2
278,2,2,2,2
279,2,2,2,2
280,2,2,2,2
281,0,1,0,2
282,2,2,2,2
283,2,1,1,2
284,0,2,2,2
285,1,2,2,2
286,2,2,2,2
287,2,2,2,2
288,2,2,2,2
289,2,0,1,0
290,2,2,2,2
291,2,2,2,2
292,2,2,2,2
293,2,2,2,2
294,2,2,2,2
295,2,2,2,2
296,2,2,2,2
297,2,2,2,2
298,2,2,2,2
299,0,1,1,2
300,1,1,1,1
301,2,1,1,2
302,0,1,2,2
303,2,2,2,2
304,2,2,2,2
305,1,1,1,2
306,0,2,1,2
307,2,2,2,2
308,2,2,2,2
309,2,2,2,2
310,1,1,2,2
311,2,2,2,2
312,2,2,2,2
313,2,2,2,2
314,2,1,2,2
315,2,2,2,2
316,2,2,2,1
317,0,0,0,0
318,2,1,2,2
319,2,2,2,2
320,2,2,2,2
321,1,1,1,1
322,0,1,0,0
323,2,2,2,2
324,2,2,2,2
325,2,1,2,2
326,2,2,2,2
327,2,2,2,2
328,2,2,2,2
329,2,2,2,2
330,1,1,0,2
331,1,1,1,2
332,0,1,2,2
333,2,2,2,2
334,2,2,2,2
335,2,2,0,2
336,0,2,2,2
337,2,1,0,2
338,0,2,2,2
339,0,1,1,1
340,2,1,1,2
341,2,2,2,2
342,2,1,1,2
343,2,2,2,2
344,2,2,2,2
345,2,2,2,2
346,2,2,2,2
347,2,2,2,2
348,1,0,0,2
349,2,1,2,2
350,2,2,2,2
351,2,2,2,0
352,2,2,2,2
353,2,2,2,2
354,2,2,2,2
355,1,1,1,2
356,1,2,2,2
357,2,2,2,2
358,2,2,2,2
359,2,2,2,2
360,1,1,2,2
361,2,2,2,2
362,2,2,2,2
363,2,2,2,2
364,2,1,1,2
365,2,2,2,2
366,2,2,2,2
367,1,1,1,2
368,1,1,2,2
369,1,2,2,2
370,2,0,0,0
371,2,2,2,2
372,0,1,2,2
373,2,2,2,2
374,2,2,2,2
375,1,2,2,2
376,1,1,1,2
377,2,2,2,2
378,2,2,2,2
379,0,1,2,2
380,2,2,2,2
381,0,2,2,0
382,2,1,1,2
383,0,1,2,2
384,0,2,2,2
385,2,1,2,2
386,2,2,2,2
387,2,2,2,2
388,2,2,2,2
389,0,2,2,2
390,2,2,2,2
391,2,2,2,2
392,2,2,2,2
393,2,2,2,2
394,2,2,2,2
395,0,0,0,0
396,2,2,2,2
397,2,2,2,2
398,2,2,2,2
399,1,2,2,2
400,2,2,2,2
401,2,1,2,2
402,0,0,0,0
403,0,1,2,2
404,2,2,2,2
405,2,2,2,2
406,2,2,2,2
407,0,1,2,0
408,2,2,2,2
409,2,2,2,2
410,2,2,2,2
411,2,2,2,2
412,1,1,1,1
413,2,2,2,2
414,2,2,2,2
415,1,1,1,1
416,2,2,2,2
417,2,2,1,2
418,2,2,2,2
419,2,2,2,2
420,2,2,2,2
421,0,1,2,2
422,2,2,2,2
423,2,2,2,2
424,2,2,2,2
425,2,2,2,2
426,2,2,2,2
427,0,2,2,2
428,1,1,2,0
429,2,2,2,2
430,2,2,2,2
431,2,2,2,2
432,2,2,2,2
433,2,2,2,2
434,2,2,2,2
435,2,2,2,2
436,2,2,2,2
437,0,1,1,1
438,0,0,0,1
439,1,2,2,2
440,2,2,2,2
441,2,2,2,2
442,2,2,2,2
443,2,2,2,2
444,2,2,2,2
445,2,2,2,2
446,2,1,2,2
447,0,2,2,2
448,1,2,2,0
449,2,2,2,2
450,0,0,2,0
451,2,2,2,2
452,0,1,0,2
453,2,1,0,2
454,2,2,2,2
455,2,2,1,2
456,2,2,2,2
457,2,2,2,2
458,2,2,2,2
459,2,2,2,2
460,2,2,2,2
461,2,2,2,2
462,2,1,2,1
463,2,2,2,2
464,2,0,2,2
465,2,2,2,2
466,1,2,2,2
467,2,2,2,2
468,2,2,2,2
469,1,2,2,2
470,2,2,2,2
471,2,1,2,2
472,0,1,2,2
473,2,2,2,2
474,2,2,1,2
475,1,2,2,2
476,2,2,2,2
477,0,1,0,2
478,2,2,2,2
479,2,2,2,2
480,1,1,1,2
481,1,2,2,2
482,2,2,2,2
483,0,1,1,1
484,2,1,2,2
485,2,2,2,2
486,0,0,0,0
487,2,2,2,2
488,0,2,2,0
489,2,1,1,2
490,0,2,2,2
491,2,1,1,2
492,2,2,2,2
493,2,2,2,2
494,2,2,2,2
495,2,1,1,2
496,2,2,2,2
497,2,2,2,2
498,1,2,2,2
499,0,1,1,2
500,2,2,2,2
501,2,1,2,2
502,1,0,0,0
503,0,2,2,2
504,2,1,1,1
505,2,2,2,2
506,2,2,2,2
507,2,1,1,1
508,0,0,0,0
509,1,2,1,2
510,1,1,1,2
511,2,2,2,2
512,2,2,2,2
513,2,2,2,2
514,2,2,2,2
515,0,2,2,2
516,2,2,2,2
517,0,1,1,2
518,0,2,2,2
519,0,2,2,2
520,2,1,2,2
521,2,2,2,2
522,0,1,2,0
523,2,2,2,2
524,2,2,2,2
525,2,2,2,2
526,1,1,1,1
527,2,2,2,2
528,2,1,2,2
529,2,2,2,2
530,0,2,2,2
531,0,1,1,2
532,2,1,2,2
533,0,2,2,2
534,0,1,2,0
535,0,1,2,2
536,2,2,1,2
537,1,1,1,2
538,2,1,2,2
539,2,2,2,2
540,2,2,2,1
541,1,1,2,2
542,1,2,1,2
543,2,2,2,2
544,2,1,2,2
545,2,2,2,2
546,0,2,2,2
547,0,1,2,2
548,2,2,2,2
549,2,2,2,2
550,2,2,2,2
551,2,2,2,2
552,2,1,2,2
553,2,2,1,2
554,2,2,2,2
555,0,2,2,2
556,2,2,2,2
557,1,2,2,2
558,2,2,2,2
559,2,2,2,2
560,2,1,2,0
561,0,1,2,2
562,1,1,1,1
563,2,1,2,2
564,0,1,2,2
565,0,2,2,2
566,1,2,1,2
567,1,1,1,2
568,2,1,2,2
569,2,2,2,2
570,2,1,2,2
571,0,2,2,2
572,2,2,2,2
573,2,2,2,2
574,2,1,1,1
575,2,2,2,2
576,2,2,2,2
577,0,1,1,2
578,2,1,2,2
579,2,2,2,2
580,1,2,2,2
581,2,2,2,2
582,2,2,2,2
583,2,2,2,2
584,0,0,1,2
585,2,2,2,2
586,2,2,2,2
587,2,2,2,2
588,2,2,2,2
589,2,2,2,2
590,2,2,2,2
591,2,2,2,2
592,1,1,2,1
593,0,1,2,1
594,1,2,1,1
595,1,2,2,2
596,2,2,2,2
597,2,2,2,2
598,0,2,2,2
599,0,1,2,2
600,2,2,2,2
601,2,2,2,2
602,2,2,2,2
603,2,2,2,2
604,2,2,2,2
605,2,1,2,2
606,2,2,2,2
607,1,2,2,2
608,2,2,2,2
609,2,2,1,2
610,2,2,1,2
611,2,2,1,2
612,0,0,1,2
613,2,2,2,2
614,0,2,2,2
615,2,2,1,2
616,0,2,2,2
617,2,2,2,2
618,2,1,2,2
619,2,0,2,2
620,2,1,2,2
621,2,2,2,2
622,0,1,2,2
623,2,2,2,2
624,2,2,2,2
625,1,0,1,2
626,1,1,2,2
627,2,2,2,2
628,1,1,1,2
629,1,2,2,2
630,2,1,1,0
631,2,2,2,2
632,1,2,1,1
633,2,2,2,2
634,0,0,0,2
635,0,1,1,0
636,1,2,1,1
637,2,1,0,2
638,2,2,2,2
639,2,2,2,2
640,1,2,2,2
641,2,2,2,2
642,2,1,2,2
643,2,2,2,2
644,0,1,2,2
645,2,2,2,2
646,0,1,0,2
647,2,1,2,2
648,0,1,0,0
649,2,1,2,2
650,2,2,2,2
651,2,1,0,1
652,2,2,2,2
653,2,2,2,2
654,2,2,2,2
655,1,2,2,2
656,2,1,1,2
657,0,0,0,0
658,2,2,2,2
659,2,1,2,2
660,0,1,2,2
661,2,2,2,2
662,2,1,2,2
663,2,2,2,2
664,0,2,2,2
665,2,2,2,2
666,2,2,2,2
667,2,2,2,2
668,2,1,0,2
669,2,2,2,2
670,2,2,2,2
671,2,1,2,2
672,2,2,2,2
673,2,2,2,2
674,1,1,1,0
675,2,2,1,2
676,0,2,2,2
677,2,2,2,2
678,1,2,2,2
679,0,1,1,2
680,2,2,2,2
681,2,2,2,2
682,0,2,2,2
683,2,2,2,2
684,1,0,0,2
685,2,2,2,1
686,2,2,2,2
687,2,2,2,2
688,0,2,2,2
689,2,2,2,2
690,2,2,2,2
691,2,2,2,2
692,2,2,2,2
693,2,1,2,2
694,1,1,1,1
695,2,2,2,2
696,2,2,2,2
697,1,1,1,2
698,0,1,2,2
699,1,1,1,2
700,0,1,2,2
701,2,1,2,2
702,2,2,2,2
703,1,2,2,2
704,2,2,2,2
705,2,2,2,2
706,2,2,1,2
707,2,2,2,2
708,0,1,1,2
709,0,1,0,0
710,2,2,2,2
711,1,2,2,2
712,2,2,2,2
713,2,1,2,2
714,2,2,2,2
715,0,0,1,0
716,2,2,2,2
717,2,2,2,2
718,2,1,2,2
719,1,1,1,1
720,1,1,1,2
721,1,2,2,2
722,0,2,2,0
723,0,1,1,2
724,2,2,2,2
725,2,2,2,2
726,0,1,2,2
727,1,2,2,2
728,2,2,2,2
729,1,1,2,2
730,2,2,2,2
731,0,1,2,2
732,0,1,2,2
733,1,0,1,1
734,2,2,2,2
735,0,1,2,2
736,0,2,2,2
737,1,1,0,0
738,1,1,2,2
739,2,2,2,2
740,1,1,2,2
741,0,1,2,2
742,0,1,1,2
743,2,2,2,2
744,2,2,2,2
745,2,2,1,2
746,2,2,2,2
747,0,1,1,2
748,2,1,1,2
749,2,1,2,2
750,1,2,2,2
751,2,2,2,2
752,2,1,1,2
753,2,1,0,2
754,2,2,2,0
755,2,2,2,2
756,2,2,2,2
757,0,1,1,2
758,2,2,2,2
759,2,2,2,2
760,2,2,2,2
761,1,1,1,2
762,2,2,2,2
763,2,2,2,2
764,0,1,0,2
765,2,2,2,2
766,2,1,2,2
767,2,1,1,2
768,0,1,2,2
769,0,1,2,1
770,2,2,2,2
771,2,2,2,2
772,0,1,2,2
773,1,1,1,2
774,0,1,2,2
775,2,2,2,2
776,2,2,2,2
777,0,1,2,2
778,2,2,2,2
779,2,2,2,1
780,2,2,2,2
781,0,0,0,0
782,2,1,0,2
783,0,1,0,2
784,1,1,1,1
785,1,2,2,2
786,2,2,2,2
787,1,0,1,0
788,0,1,1,1
789,2,2,2,2
790,2,2,2,2
791,2,2,2,2
792,2,1,2,1
793,0,1,2,2
794,2,1,2,2
795,2,2,2,2
796,2,2,2,2
797,2,2,2,2
798,2,2,2,2
799,2,2,2,2
800,1,1,1,1
801,1,1,2,2
802,1,1,2,2
803,2,2,2,2
804,0,1,1,1
805,2,2,2,2
806,2,2,2,2
807,2,2,2,2
808,2,2,2,2
809,2,2,2,2
810,2,2,2,0
811,2,2,2,2
812,2,2,2,2
813,2,2,2,2
814,2,2,2,2
815,0,1,0,2
816,0,1,2,2
817,2,1,2,2
818,2,2,2,2
819,0,0,0,0
820,2,1,2,2
821,2,2,2,2
822,2,2,2,2
823,0,1,2,1
824,2,2,2,2
825,2,1,2,2
826,2,1,2,2
827,1,2,2,2
828,2,2,2,2
829,2,2,2,1
830,2,2,2,2
831,1,0,1,2
832,2,2,2,2
833,2,1,1,2
834,2,2,2,2
835,2,1,1,2
836,2,1,1,2
837,2,2,2,2
838,2,1,2,2
839,0,1,2,2
840,2,2,2,2
841,2,2,2,2
842,0,2,2,2
843,2,1,2,2
844,2,2,2,2
845,2,2,2,2
846,1,1,2,2
847,2,2,2,2
848,2,2,2,2
849,2,2,2,2
850,2,1,2,2
851,2,2,2,2
852,2,2,2,2
853,2,2,2,2
854,1,1,1,1
855,2,2,2,2
856,1,2,2,2
857,2,2,2,2
858,2,2,2,2
859,2,2,2,2
860,2,2,2,2
861,2,2,2,2
862,1,1,2,0
863,0,1,2,2
864,2,2,2,2
865,2,2,2,2
866,2,2,2,2
867,2,1,2,2
868,2,1,2,2
869,2,2,2,2
870,2,2,2,2
871,0,2,2,2
872,0,1,1,1
873,0,2,2,2
874,2,2,2,2
875,2,2,2,0
876,2,2,2,2
877,2,2,2,2
878,0,2,2,2
879,2,2,2,2
880,2,2,2,2
881,2,2,2,2
882,2,2,2,2
883,0,1,1,2
884,2,2,2,2
885,2,1,2,2
886,2,2,2,2
887,1,1,2,2
888,2,2,2,2
889,2,2,2,2
890,2,2,2,2
891,0,2,2,2
892,2,2,2,2
893,2,1,2,2
894,1,2,2,2
895,0,1,2,2
896,1,2,2,2
897,2,2,2,2
898,2,1,2,2
899,2,2,2,2
900,0,2,2,2
901,2,2,2,2
902,0,1,1,2
903,1,2,1,2
904,0,0,1,1
905,1,2,2,2
906,0,1,2,2
907,0,1,2,0
908,2,2,2,2
909,1,1,2,2
910,1,1,0,2
911,0,1,2,2
912,2,2,2,2
913,2,2,2,2
914,2,2,2,2
915,2,1,2,2
916,2,2,2,2
917,1,1,2,2
918,2,2,2,2
919,0,1,1,2
920,2,2,2,2
921,0,1,2,1
922,2,1,2,2
923,2,2,2,2
924,2,2,2,2
925,2,2,2,2
926,1,2,2,2
927,2,2,2,2
928,2,1,0,2
929,2,2,2,2
930,0,2,2,2
931,2,2,2,2
932,0,1,0,2
933,2,2,2,2
934,2,1,2,0
935,2,2,2,2
936,2,2,2,2
937,2,1,0,2
938,1,1,2,2
939,2,2,2,2
940,2,2,1,2
941,0,2,2,2
942,0,0,0,2
943,2,2,2,2
944,1,2,2,2
945,1,1,1,1
946,2,2,2,2
947,0,0,0,0
948,2,2,2,2
949,0,0,0,0
950,2,2,2,2
951,0,1,0,2
952,2,2,2,2
953,2,2,2,2
954,2,1,2,0
955,1,1,2,2
956,2,2,2,2
957,2,2,2,2
958,1,2,2,2
959,2,2,2,2
960,0,0,0,0
961,2,2,2,2
962,2,1,1,0
963,2,2,2,2
964,2,2,2,2
965,0,0,2,2
966,2,2,2,2
967,1,2,2,1
968,1,1,1,2
969,2,1,1,2
970,1,2,2,2
971,0,1,2,2
972,0,2,2,2
973,2,2,2,2
974,2,2,2,2
975,0,2,2,2
976,2,2,2,2
977,2,2,1,2
978,2,2,2,2
979,2,2,2,2
980,0,2,2,2
981,2,2,1,0
982,2,2,2,2
983,0,1,2,2
984,1,1,1,2
985,0,0,0,2
986,0,1,2,2
987,2,2,2,2
988,2,2,2,2
989,1,1,2,2
990,2,2,2,2
991,2,2,2,2
992,0,1,2,2
993,2,2,2,2
994,0,2,2,2
995,2,2,2,2
996,2,2,2,2
997,2,2,2,2
998,2,2,2,2
999,0,1,1,1
1000,2,2,2,2
1001,2,2,2,2
1002,1,2,1,2
1003,1,1,1,2
1004,2,2,2,2
1005,2,2,1,2
1006,0,0,0,0
1007,2,2,2,2
1008,2,2,2,2
1009,2,1,1,2
1010,2,2,2,2
1011,2,2,2,2
1012,2,2,2,2
1013,2,2,2,2
1014,1,2,2,0
1015,2,2,2,2
1016,0,1,2,2
1017,2,1,2,2
1018,2,2,2,2
1019,2,2,2,2
1020,1,2,2,2
1021,2,2,2,2
1022,2,1,1,2
1023,2,2,2,2
1024,2,1,2,2
1025,1,2,2,2
1026,0,1,2,0
1027,0,0,1,2
1028,2,2,2,2
1029,2,1,2,2
1030,2,2,2,2
1031,1,1,1,2
1032,0,2,2,0
1033,2,2,2,2
1034,2,2,2,2
1035,2,2,2,2
1036,1,1,1,2
1037,2,2,2,2
1038,0,2,2,2
1039,2,2,2,2
1040,2,2,2,2
1041,0,0,1,2
1042,0,1,2,2
1043,2,2,2,2
1044,2,1,1,2
1045,0,0,1,2
1046,2,2,2,2
1047,0,0,1,2
1048,2,2,2,2
1049,2,2,2,2
1050,0,1,1,1
1051,2,2,2,2
1052,2,2,2,2
1053,0,1,2,2
1054,2,1,2,2
1055,0,2,2,2
1056,0,2,2,2
1057,0,2,2,2
1058,2,2,2,2
1059,2,1,2,2
1060,2,2,2,2
1061,2,2,2,2
1062,2,2,2,2
1063,1,1,2,2
1064,2,2,2,2
1065,0,1,1,2
1066,0,1,1,2
1067,0,1,1,2
1068,2,2,2,2
1069,0,0,1,0
1070,2,2,2,2
1071,2,1,2,0
1072,2,2,2,2
1073,2,2,2,2
1074,1,1,1,2
1075,2,2,2,2
1076,2,2,2,2
1077,2,2,2,2
1078,2,2,2,2
1079,0,0,0,2
1080,2,2,2,2
1081,1,1,1,1
1082,2,2,2,2
1083,2,1,1,2
1084,0,0,1,0
1085,2,2,2,2
1086,2,2,2,2
1087,1,1,1,2
1088,2,2,2,2
1089,2,1,2,2
1090,2,1,2,2
1091,1,1,1,2
1092,1,1,2,2
1093,2,1,2,2
1094,2,1,2,2
1095,2,2,1,2
1096,2,2,2,2
1097,1,1,2,1
1098,2,2,2,2
1099,2,2,2,2
1100,2,2,2,2
1101,0,1,0,2
1102,2,2,2,2
1103,2,1,1,0
1104,0,2,2,2
1105,1,2,2,2
1106,0,2,1,2
1107,0,1,2,2
1108,2,2,2,2
1109,2,2,2,2
1110,2,2,2,2
1111,2,2,2,2
1112,2,2,2,2
1113,2,1,2,2
1114,0,2,2,2
1115,2,2,2,2
1116,1,1,1,2
1117,1,1,1,2
1118,0,2,2,2
1119,0,1,2,2
1120,2,2,2,2
1121,2,2,2,2
1122,2,2,2,2
1123,0,2,2,2
1124,2,2,2,2
1125,0,1,2,0
1126,0,0,0,2
1127,2,2,2,2
1128,2,1,2,2
1129,1,1,1,2
1130,0,1,0,2
1131,2,1,1,2
1132,0,1,1,2
1133,0,1,2,2
1134,2,1,1,2
1135,2,2,2,1
1136,0,1,2,2
1137,2,2,2,2
1138,2,2,2,2
1139,2,1,1,2
1140,2,1,1,2
1141,2,2,2,2
1142,2,2,2,2
1143,0,0,1,1
1144,2,2,2,2
1145,2,1,2,2
1146,2,2,2,2
1147,0,0,0,2
1148,0,2,2,2
1149,2,2,2,2
1150,2,2,2,2
1151,0,1,2,2
1152,0,0,0,2
1153,2,2,2,2
1154,0,1,0,2
1155,2,2,2,2
1156,2,0,1,1
1157,2,2,2,2
1158,2,2,2,1
1159,2,2,2,2
1160,2,1,2,2
1161,1,1,1,0
1162,2,2,2,2
1163,0,0,1,2
1164,2,2,2,2
1165,2,1,2,2
1166,1,2,2,2
1167,2,2,2,2
1168,2,1,0,2
1169,2,2,2,2
1170,2,2,2,2
1171,2,2,2,2
1172,2,2,2,2
1173,2,1,2,2
1174,0,0,2,2
1175,2,2,2,2
1176,2,1,1,2
1177,0,1,1,2
1178,2,0,0,0
1179,2,2,2,2
1180,2,2,2,2
1181,2,2,2,2
1182,2,2,2,2
1183,2,2,2,2
1184,1,1,1,0
1185,2,2,2,2
1186,2,2,2,2
1187,0,0,0,2
1188,0,2,2,2
1189,2,2,2,2
1190,2,2,2,2
1191,2,1,2,2
1192,2,2,2,2
1193,2,2,2,2
1194,2,2,2,2
1195,2,2,2,2
1196,2,2,2,2
1197,2,2,2,2
1198,0,2,2,2
1199,2,2,2,2
1200,0,1,1,0
1201,2,2,2,2
1202,1,2,2,2
1203,1,2,2,2
1204,2,1,0,2
1205,1,1,1,2
1206,2,2,2,2
1207,1,1,1,1
1208,2,2,2,2
1209,2,2,2,2
1210,2,2,2,2
1211,2,2,2,2
1212,2,2,2,2
1213,0,1,2,2
1214,0,1,2,2
1215,2,2,2,2
1216,0,2,2,2
1217,2,2,2,2
1218,1,2,2,2
1219,0,0,0,0
1220,2,2,2,2
1221,2,1,2,2
1222,1,1,2,2
1223,1,1,2,2
1224,0,1,2,2
1225,2,2,2,2
1226,0,2,2,2
1227,1,2,2,2
1228,2,1,2,0
1229,0,0,0,2
1230,2,1,1,2
1231,2,2,2,2
1232,2,1,2,2
1233,2,1,2,2
1234,2,1,2,0
1235,0,2,2,2
1236,2,2,2,2
1237,2,2,1,1
1238,1,1,1,2
1239,0,1,0,2
1240,1,1,2,2
1241,2,2,2,2
1242,2,2,2,2
1243,2,2,2,2
1244,1,1,1,1
1245,2,2,2,2
1246,0,1,1,1
1247,0,1,0,0
1248,0,1,2,2
1249,2,2,2,2
1250,2,2,2,2
1251,2,2,2,2
1252,2,2,2,2
1253,2,2,2,2
1254,2,2,2,2
1255,2,2,2,2
1256,1,1,1,0
1257,2,2,2,2
1258,2,2,2,2
1259,2,2,2,2
1260,0,2,2,2
1261,1,1,1,1
1262,2,2,2,2
1263,2,2,2,2
1264,1,1,2,2
1265,2,2,2,2
1266,1,2,2,2
1267,2,2,2,2
1268,1,2,2,2
1269,2,1,2,2
1270,0,2,2,2
1271,2,2,2,2
1272,0,2,2,2
1273,2,2,2,2
1274,2,2,2,2
1275,1,2,1,2
1276,1,1,1,2
1277,0,1,2,2
1278,1,1,1,2
1279,2,2,2,2
1280,0,1,2,1
1281,0,1,2,2
1282,1,1,1,2
1283,2,2,2,2
1284,0,1,2,2
1285,2,2,2,2
1286,2,2,2,2
1287,2,2,2,2
1288,2,2,2,2
1289,0,0,0,0
1290,2,1,2,1
1291,0,0,1,2
1292,2,2,2,2
1293,2,2,2,2
1294,0,2,2,1
1295,2,2,2,2
1296,2,2,2,2
1297,2,2,2,2
1298,1,2,2,2
1299,2,1,2,2
1300,2,1,0,2
1301,0,1,0,0
1302,2,2,2,2
1303,2,2,2,2
1304,2,2,2,2
1305,2,1,2,2
1306,2,2,2,2
1307,2,1,2,2
1308,2,2,2,2
1309,2,2,2,2
1310,0,1,2,0
1311,2,2,2,2
1312,2,2,2,2
1313,1,1,1,1
1314,2,2,2,2
1315,2,1,2,2
1316,0,1,1,0
1317,0,1,2,2
1318,2,1,1,1
1319,0,0,0,0
1320,2,2,2,2
1321,0,2,2,2
1322,0,2,2,2
1323,1,1,1,2
1324,0,0,2,0
1325,2,1,2,2
1326,0,0,1,1
1327,2,1,2,1
1328,2,2,2,2
1329,2,1,2,2
1330,2,2,2,2
1331,2,2,2,2
1332,2,2,2,2
1333,0,1,2,2
1334,1,1,1,2
1335,2,2,2,2
1336,0,1,2,2
1337,2,2,2,2
1338,2,1,2,2
1339,2,2,2,2
1340,2,2,2,2
1341,0,1,2,2
1342,2,1,2,2
1343,0,2,2,2
1344,2,2,2,2
1345,1,1,2,1
1346,0,0,0,0
1347,2,2,2,2
1348,2,1,2,2
1349,2,2,2,2
1350,2,2,2,2
1351,0,1,2,2
1352,1,1,2,2
1353,0,0,2,1
1354,2,2,2,1
1355,0,1,2,0
1356,2,1,2,2
1357,2,1,2,2
1358,2,2,2,2
1359,2,2,2,2
1360,0,1,1,1
1361,2,2,2,2
1362,2,2,2,2
1363,2,2,2,2
1364,2,2,2,2
1365,2,2,2,2
1366,0,1,2,2
1367,2,2,2,2
1368,2,1,0,2
1369,2,2,2,2
1370,1,2,2,2
1371,2,2,2,2
1372,2,2,2,2
1373,0,1,2,2
1374,1,1,1,2
1375,2,2,2,2
1376,1,1,1,2
1377,2,2,2,2
1378,2,1,2,2
1379,2,2,1,2
1380,0,1,1,0
1381,1,1,1,1
1382,0,1,1,0
1383,2,2,2,2
1384,2,2,2,2
1385,2,2,2,2
1386,0,1,2,2
1387,2,2,2,2
1388,1,1,1,2
1389,2,2,2,2
1390,2,1,1,1
1391,2,1,2,2
1392,2,2,2,2
1393,2,2,2,2
1394,1,2,2,2
1395,2,2,2,2
1396,2,2,2,2
1397,1,1,1,1
1398,2,2,2,2
1399,2,1,2,2
1400,2,2,2,2
1401,2,1,2,2
1402,2,2,2,2
1403,2,2,2,2
1404,1,1,2,1
1405,2,2,2,0
1406,2,2,2,2
1407,2,1,0,2
1408,1,2,2,2
1409,2,2,2,2
1410,2,2,2,2
1411,2,1,1,2
1412,2,1,2,2
1413,0,1,2,2
1414,1,1,2,2
1415,1,1,2,1
1416,2,1,2,2
1417,1,2,2,2
1418,1,1,2,0
1419,2,2,2,2
1420,2,2,2,2
1421,2,1,2,2
1422,2,2,2,2
1423,2,1,1,2
1424,2,2,2,2
1425,0,1,2,2
1426,2,1,0,2
1427,1,1,2,2
1428,2,2,2,2
1429,0,0,0,2
1430,2,2,2,2
1431,2,2,2,2
1432,1,1,1,2
1433,2,2,2,2
1434,2,1,0,2
1435,2,2,2,2
1436,0,1,2,2
1437,0,1,1,1
1438,0,0,1,2
1439,2,2,2,2
1440,0,1,2,2
1441,0,2,2,2
1442,2,2,2,2
1443,2,1,2,0
1444,2,2,2,2
1445,0,1,2,2
1446,2,2,2,2
1447,2,2,2,2
1448,2,2,2,2
1449,0,1,2,2
1450,0,2,2,2
1451,2,2,2,2
1452,0,1,0,2
1453,2,2,2,2
1454,0,0,0,2
1455,1,2,2,2
1456,1,2,2,2
1457,2,2,2,2
1458,2,2,2,2
1459,2,2,2,2
1460,0,1,2,2
1461,2,2,2,2
1462,1,1,2,2
1463,2,2,2,2
1464,2,2,2,2
1465,2,2,2,2
1466,0,1,1,2
1467,2,2,2,2
1468,2,2,2,2
1469,2,2,2,2
1470,2,2,2,2
1471,0,1,2,1
1472,2,2,2,2
1473,2,2,2,2
1474,2,2,2,2
1475,2,2,2,2
1476,2,1,1,2
1477,1,1,1,2
1478,2,2,2,2
1479,2,2,2,2
1480,0,2,2,2
1481,2,2,2,2
1482,2,1,2,2
1483,0,2,2,2
1484,2,2,0,2
1485,1,1,0,2
1486,0,1,2,1
1487,2,2,2,2
1488,2,2,2,2
1489,0,2,2,0
1490,1,2,2,2
1491,0,0,0,2
1492,0,1,2,2
1493,2,2,2,2
1494,2,2,2,2
1495,0,0,0,2
1496,2,1,2,2
1497,2,2,2,2
1498,2,2,2,2
1499,0,2,2,2
1500,1,1,0,1
1501,1,1,2,1
1502,2,2,2,2
1503,2,2,2,2
1504,2,2,2,2
1505,0,1,1,2
1506,2,2,2,2
1507,2,2,2,2
1508,2,2,2,2
1509,2,2,2,2
1510,2,2,2,2
1511,2,1,2,2
1512,0,1,2,2
1513,2,2,2,2
1514,2,2,2,2
1515,2,2,2,2
1516,2,2,2,2
1517,2,2,2,2
1518,1,0,1,0
1519,2,2,2,2
1520,2,2,2,2
1521,0,1,2,1
1522,0,2,2,1
1523,2,2,2,2
1524,2,2,2,2
1525,2,2,2,2
1526,2,1,0,2
1527,1,2,2,2
1528,2,2,2,2
1529,2,2,2,2
1530,2,2,2,2
1531,1,1,2,2
1532,2,1,2,1
1533,2,2,2,2
1534,2,1,2,2
1535,2,2,2,2
1536,2,2,2,2
1537,2,2,2,2
1538,2,2,2,2
1539,0,1,1,2
1540,2,2,2,2
1541,2,2,2,2
1542,2,2,2,2
1543,0,1,2,2
1544,2,2,2,2
1545,0,2,2,2
1546,2,2,2,2
1547,1,2,2,2
1548,1,1,1,1
1549,2,1,2,2
1550,2,2,2,2
1551,0,0,2,0
1552,1,1,1,1
1553,2,2,2,2
1554,1,1,1,2
1555,2,2,2,2
1556,2,1,2,2
1557,2,2,2,2
1558,1,1,2,2
1559,2,2,1,2
1560,2,1,1,2
1561,1,1,1,2
1562,2,2,2,1
1563,2,2,2,2
1564,2,2,2,2
1565,2,2,2,0
1566,2,1,2,2
1567,2,2,2,2
1568,0,2,2,2
1569,1,2,2,2
1570,2,1,2,2
1571,0,2,2,2
1572,2,2,2,2
1573,2,2,2,2
1574,2,2,2,2
1575,2,1,2,2
1576,2,2,2,2
1577,0,2,2,2
1578,0,1,1,2
1579,2,2,2,2
1580,2,2,2,2
1581,2,2,2,2
1582,2,2,2,2
1583,2,2,2,2
1584,1,2,2,2
1585,2,1,0,2
1586,2,2,2,2
1587,2,2,2,2
1588,1,2,2,2
1589,1,1,2,2
1590,2,2,2,2
1591,1,1,1,2
1592,0,2,2,2
1593,2,2,2,2
1594,2,2,2,2
1595,2,2,2,2
1596,2,2,2,2
1597,0,2,2,2
1598,2,2,2,2
1599,2,2,2,2
1600,2,2,2,2
1601,2,2,2,2
1602,2,2,2,2
1603,2,2,1,2
1604,0,1,0,2
1605,0,0,0,2
1606,2,2,2,2
1607,2,2,2,2
1608,2,2,2,2
1609,0,1,2,2
1610,0,2,2,2
1611,2,2,2,2
1612,2,2,2,2
1613,2,2,2,2
1614,2,2,2,2
1615,2,2,2,2
1616,2,2,2,2
1617,2,2,2,2
1618,2,2,2,2
1619,1,2,2,2
1620,2,2,2,2
1621,0,2,2,2
1622,0,1,1,2
1623,2,2,2,2
1624,2,2,2,0
1625,0,1,2,2
1626,2,2,2,2
1627,0,0,0,0
1628,2,2,2,2
1629,2,2,2,2
1630,2,2,2,2
1631,1,1,2,2
1632,2,2,2,2
1633,2,2,2,2
1634,2,2,2,2
1635,2,1,2,2
1636,2,1,2,2
1637,2,1,2,2
1638,0,2,2,2
1639,1,1,1,2
1640,0,2,2,2
1641,2,2,2,2
1642,1,1,2,2
1643,2,2,2,2
1644,2,2,2,2
1645,0,1,2,0
1646,1,1,2,2
1647,2,2,2,2
1648,0,1,1,2
1649,2,2,2,2
1650,0,1,1,0
1651,1,1,1,2
1652,2,2,2,2
1653,2,1,1,2
1654,2,1,2,2
1655,2,2,1,2
1656,1,1,1,2
1657,0,0,0,2
1658,1,2,2,2
1659,2,2,2,2
1660,0,1,0,2
1661,2,2,2,2
1662,2,2,2,2
1663,1,2,2,2
1664,0,1,2,2
1665,0,0,0,0
1666,2,2,2,2
1667,1,1,2,2
1668,1,1,1,2
1669,0,1,1,2
1670,2,1,2,2
1671,2,2,0,2
1672,0,1,0,2
1673,0,1,2,0
1674,2,2,2,2
1675,0,0,2,0
1676,2,2,2,2
1677,0,1,1,2
1678,2,2,2,2
1679,0,2,2,2
1680,1,2,2,2
1681,2,1,2,2
1682,2,2,1,2
1683,2,2,2,2
1684,1,2,1,2
1685,2,2,2,2
1686,2,0,0,2
1687,1,2,2,2
1688,2,2,2,2
1689,1,1,2,2
1690,1,1,1,1
1691,2,2,2,2
1692,0,1,1,0
1693,2,1,1,1
1694,2,2,2,2
1695,2,2,2,2
1696,2,2,2,2
1697,0,1,0,0
1698,2,1,1,2
1699,1,1,1,0
1700,2,2,2,2
1701,0,1,2,2
1702,1,1,2,2
1703,0,1,2,2
1704,2,1,2,2
1705,2,2,2,2
1706,1,1,2,2
1707,2,1,2,0
1708,2,2,2,2
1709,2,2,2,2
1710,2,1,2,2
1711,1,1,1,2
1712,2,2,2,2
1713,0,1,1,1
1714,1,1,1,1
1715,2,2,2,2
1716,1,1,1,1
1717,2,2,2,2
1718,2,1,2,2
1719,0,1,2,2
1720,2,2,2,2
1721,1,1,1,2
1722,2,2,2,2
1723,0,0,0,2
1724,2,2,2,0
1725,1,2,1,2
1726,2,1,2,2
1727,2,2,2,2
1728,0,1,1,1
1729,0,1,2,2
1730,2,1,2,2
1731,2,2,2,2
1732,0,1,0,2
1733,2,1,2,2
1734,2,2,2,2
1735,0,1,1,2
1736,2,2,2,2
1737,0,1,2,2
1738,2,2,2,2
1739,2,1,1,2
1740,2,2,2,2
1741,2,1,1,2
1742,2,1,2,2
1743,1,2,2,2
1744,0,2,2,2
1745,1,1,1,1
1746,2,2,2,2
1747,2,2,2,2
1748,2,2,2,2
1749,2,2,2,2
1750,1,1,2,1
1751,2,2,2,2
1752,2,2,2,2
1753,2,2,2,2
1754,0,0,1,0
1755,2,2,2,2
1756,2,1,1,2
1757,0,2,2,2
1758,2,2,2,2
1759,2,1,2,2
1760,0,1,2,0
1761,0,2,2,2
1762,2,2,2,2
1763,0,1,1,1
1764,2,2,2,2
1765,2,2,2,2
1766,0,1,0,1
1767,0,1,2,2
1768,0,1,0,0
1769,2,2,2,2
1770,2,2,2,1
1771,2,2,2,0
1772,2,2,2,2
1773,2,2,2,2
1774,2,1,2,2
1775,2,2,2,2
1776,0,2,2,2
1777,2,2,2,2
1778,1,1,1,2
1779,1,2,2,2
1780,2,2,2,2
1781,1,2,0,2
1782,0,0,0,0
1783,1,2,2,2
1784,2,1,1,2
1785,2,2,2,2
1786,2,2,2,2
1787,0,1,2,2
1788,2,2,2,2
1789,2,2,2,2
1790,2,2,2,2
1791,2,2,2,2
1792,2,2,2,2
1793,2,2,2,2
1794,2,1,1,1
1795,2,1,1,2
1796,2,1,2,2
1797,2,1,0,2
1798,2,1,2,1
1799,2,2,2,2
1800,2,1,1,2
1801,2,2,2,2
1802,2,2,2,2
1803,2,2,2,2
1804,2,2,2,2
1805,2,2,2,2
1806,0,1,0,1
1807,2,2,2,2
1808,1,2,2,2
1809,2,1,0,2
1810,2,2,2,2
1811,0,1,2,2
1812,0,1,1,1
1813,2,2,2,2
1814,2,2,2,2
1815,0,1,2,0
1816,2,2,2,2
1817,0,1,2,2
1818,2,1,0,2
1819,2,2,2,1
1820,0,1,2,2
1821,2,2,2,2
1822,0,1,1,2
1823,0,1,2,1
1824,2,2,2,2
1825,2,1,2,2
1826,1,1,2,1
1827,2,1,2,2
1828,1,1,2,2
1829,1,2,2,2
1830,0,2,2,2
1831,2,1,2,2
1832,2,2,2,2
1833,0,1,2,2
1834,2,2,2,2
1835,1,1,1,1
1836,0,2,2,2
1837,2,2,2,2
1838,2,2,2,2
1839,2,2,0,2
1840,2,1,1,2
1841,0,1,1,2
1842,2,2,2,2
1843,2,1,2,2
1844,2,2,2,2
1845,1,1,2,0
1846,2,2,2,2
1847,0,0,0,2
1848,2,1,2,2
1849,2,2,2,2
1850,2,2,2,2
1851,2,2,1,1
1852,2,1,1,2
1853,1,1,2,2
1854,2,2,2,2
1855,2,0,0,2
1856,2,1,0,2
1857,2,1,1,1
1858,2,1,2,2
1859,2,2,2,2
1860,2,2,2,2
1861,2,2,2,2
1862,2,1,2,2
1863,2,2,2,2
1864,2,2,2,2
1865,2,2,2,2
1866,2,2,2,2
1867,0,0,0,1
1868,0,0,0,0
1869,2,1,2,2
1870,0,0,1,2
1871,2,1,2,2
1872,0,2,2,2
1873,2,2,2,2
1874,2,1,2,2
1875,0,1,0,2
1876,2,2,2,2
1877,2,2,2,2
1878,2,2,2,2
1879,2,2,2,2
1880,2,1,0,2
1881,2,2,1,2
1882,0,0,0,0
1883,2,1,2,2
1884,2,1,1,2
1885,0,1,2,2
1886,2,2,2,2
1887,2,2,2,2
1888,2,2,2,2
1889,2,2,2,2
1890,0,1,0,0
1891,2,2,1,2
1892,0,2,2,2
1893,1,2,2,1
1894,2,2,2,2
1895,1,2,2,2
1896,2,2,2,2
1897,2,2,2,2
1898,1,1,1,0
1899,2,2,2,2
1900,0,0,0,2
1901,2,2,2,2
1902,0,2,2,2
1903,2,2,2,2
1904,2,2,2,2
1905,1,2,2,2
1906,0,1,1,2
1907,2,2,2,2
1908,2,2,2,2
1909,2,2,2,2
1910,2,2,2,2
1911,2,2,2,2
1912,2,2,2,2
1913,2,2,2,2
1914,2,2,2,2
1915,1,1,2,2
1916,2,0,1,2
1917,2,2,2,2
1918,0,1,2,0
1919,2,2,2,2
1920,2,2,2,2
1921,0,2,2,2
1922,2,2,2,2
1923,0,1,2,2
1924,2,2,2,2
1925,1,1,2,2
1926,2,1,0,0
1927,2,2,1,2
1928,2,2,2,2
1929,2,2,2,2
1930,0,1,2,2
1931,2,2,0,2
1932,0,2,2,2
1933,2,2,2,2
1934,1,2,2,0
1935,0,2,2,2
1936,2,2,2,2
1937,2,2,2,2
1938,2,2,2,2
1939,2,2,2,2
1940,2,2,2,0
1941,0,1,2,2
1942,2,2,2,2
1943,2,2,2,2
1944,2,2,2,2
1945,2,2,2,2
1946,0,1,0,2
1947,2,2,2,2
1948,2,1,1,2
1949,2,2,2,2
1950,1,1,2,1
1951,2,2,2,2
1952,0,1,2,2
1953,0,2,2,2
1954,2,2,2,2
1955,2,2,2,2
1956,2,2,2,2
1957,2,1,2,1
1958,0,1,1,2
1959,2,1,2,2
1960,2,2,2,2
1961,2,2,2,2
1962,2,2,2,2
1963,2,2,2,2
1964,2,2,2,2
1965,2,2,2,2
1966,2,2,2,2
1967,0,0,0,2
1968,2,2,2,2
1969,1,1,1,2
1970,2,2,2,2
1971,2,1,1,0
1972,2,1,0,2
1973,0,2,2,2
1974,2,1,0,2
1975,2,1,1,2
1976,2,2,2,2
1977,2,2,2,2
1978,2,2,2,2
1979,2,2,2,2
1980,2,2,2,2
1981,2,2,2,2
1982,2,2,2,2
1983,0,2,2,2
1984,0,2,2,2
1985,2,2,2,2
1986,0,2,2,2
1987,2,2,2,1
1988,2,2,2,2
1989,1,2,2,2
1990,1,2,2,2
1991,0,1,2,2
1992,2,1,2,2
1993,1,1,2,2
1994,2,2,2,2
1995,0,2,2,2
1996,2,2,2,2
1997,2,1,2,2
1998,2,2,2,2
1999,2,1,2,2
2000,0,0,0,0
2001,2,2,2,2
2002,2,2,2,2
2003,2,2,2,2
2004,2,2,2,2
2005,0,1,2,2
2006,2,1,1,1
2007,2,2,2,2
2008,0,0,0,0
2009,2,2,2,2
2010,1,1,2,2
2011,1,1,1,1
2012,2,1,1,1
2013,2,1,2,2
2014,2,2,2,2
2015,0,2,2,2
2016,2,2,2,2
2017,2,2,2,2
2018,1,2,2,2
2019,2,2,1,2
2020,0,1,1,1
2021,2,2,2,2
2022,2,2,2,1
2023,2,1,1,2
2024,2,1,2,0
2025,1,2,2,2
2026,2,2,2,2
2027,2,2,2,2
2028,0,1,2,2
2029,2,2,2,2
2030,2,2,2,2
2031,2,2,2,2
2032,2,2,2,2
2033,0,1,2,2
2034,2,2,2,2
2035,2,2,2,2
2036,2,1,2,2
2037,0,2,2,2
2038,2,2,2,2
2039,1,1,0,0
2040,0,2,2,2
2041,2,2,2,2
2042,2,2,2,2
2043,2,1,2,2
2044,1,1,1,1
2045,2,2,2,2
2046,2,2,2,2
2047,2,2,2,2
2048,2,2,2,2
2049,1,2,2,2
2050,2,2,2,2
2051,1,1,1,1
2052,2,2,2,2
2053,2,2,1,0
2054,2,1,2,1
2055,2,2,2,2
2056,1,2,2,2
2057,0,0,0,0
2058,2,2,2,2
2059,2,2,2,2
2060,2,2,2,2
2061,2,2,2,2
2062,2,2,2,2
2063,2,2,2,2
2064,0,1,2,2
2065,2,2,2,2
2066,2,1,1,2
2067,1,1,1,2
2068,2,2,2,2
2069,0,1,1,2
2070,2,2,2,2
2071,2,2,2,0
2072,2,2,2,2
2073,2,2,2,0
2074,0,0,0,2
2075,0,1,2,2
2076,1,2,2,2
2077,2,1,0,0
2078,2,2,2,2
2079,0,2,2,2
2080,2,2,2,2
2081,1,1,2,0
2082,0,1,2,2
2083,2,2,2,2
2084,2,2,2,2
2085,2,2,2,2
2086,0,2,2,2
2087,2,1,0,2
2088,0,1,1,2
2089,2,1,2,2
2090,2,2,2,2
2091,2,1,1,2
2092,2,1,2,2
2093,0,1,2,2
2094,2,1,2,0
2095,0,2,2,2
2096,2,1,2,0
2097,0,0,1,0
2098,2,2,2,2
2099,2,2,2,2
2100,2,2,2,2
2101,2,2,2,2
2102,2,1,2,2
2103,2,2,2,2
2104,2,1,1,2
2105,2,2,2,2
2106,1,1,1,1
2107,2,2,2,2
2108,2,1,0,1
2109,2,1,1,2
2110,2,2,2,2
2111,1,1,1,2
2112,0,1,2,1
2113,0,1,2,2
2114,2,2,2,2
2115,1,1,1,1
2116,2,2,2,2
2117,0,1,2,2
2118,0,0,0,0
2119,2,2,2,2
2120,2,2,2,2
2121,1,1,1,2
2122,0,1,1,2
2123,2,2,2,2
2124,1,0,1,2
2125,2,1,1,2
2126,2,2,2,2
2127,1,1,1,2
2128,2,2,2,2
2129,2,2,2,2
2130,1,2,2,2
2131,2,2,2,2
2132,2,1,1,2
2133,2,1,2,2
2134,2,2,2,2
2135,2,1,2,2
2136,2,2,2,2
2137,0,1,2,2
2138,2,2,2,2
2139,2,2,2,2
2140,0,2,2,2
2141,2,2,2,2
2142,0,0,0,2
2143,2,2,1,2
2144,2,2,2,2
2145,2,2,2,2
2146,2,2,2,0
2147,2,2,2,2
2148,2,2,2,2
2149,2,2,2,2
2150,2,2,2,2
2151,2,2,2,2
2152,2,2,2,2
2153,2,2,2,2
2154,1,2,2,2
2155,1,2,2,0
2156,1,2,1,2
2157,2,2,1,2
2158,0,2,2,2
2159,2,1,2,2
2160,0,1,2,2
2161,0,1,1,1
2162,0,1,2,2
2163,0,1,2,2
2164,0,0,2,2
2165,2,2,2,2
2166,2,0,0,2
2167,2,1,2,0
2168,2,2,2,2
2169,2,2,2,2
2170,2,2,2,2
2171,2,1,2,2
2172,2,2,2,2
2173,2,2,2,2
2174,2,1,1,2
2175,2,2,2,2
2176,2,2,2,2
2177,2,2,2,2
2178,2,1,2,2
2179,2,2,2,2
2180,1,2,2,2
2181,0,1,2,2
2182,2,2,2,2
2183,1,1,1,2
2184,2,2,2,2
2185,1,1,1,2
2186,2,2,2,2
2187,2,2,2,2
2188,2,2,2,2
2189,1,1,1,1
2190,2,1,2,2
2191,2,2,2,2
2192,1,2,2,2
2193,1,1,1,2
2194,2,1,2,2
2195,2,2,2,2
2196,2,2,2,2
2197,0,1,2,0
2198,2,2,2,2
2199,2,1,2,2
2200,0,1,0,2
2201,2,2,2,2
2202,0,2,2,2
2203,2,2,2,2
2204,2,2,2,2
2205,2,2,2,2
2206,2,2,2,2
2207,2,2,2,2
2208,2,2,2,2
2209,2,1,1,2
2210,2,2,2,2
2211,2,2,2,2
2212,0,2,2,2
2213,2,2,2,2
2214,2,2,2,2
2215,2,2,1,2
2216,2,2,2,2
2217,1,2,2,2
2218,2,2,2,0
2219,2,1,2,0
2220,0,2,2,2
2221,2,2,1,2
2222,2,2,2,2
2223,0,1,0,2
2224,2,2,2,2
2225,2,2,2,2
2226,2,2,2,2
2227,2,2,1,1
2228,0,1,1,2
2229,2,2,2,2
2230,2,2,2,2
2231,2,2,2,2
2232,1,1,1,2
2233,2,2,2,2
2234,2,1,2,0
2235,1,1,1,0
2236,2,2,1,2
2237,2,2,2,2
2238,0,0,2,2
2239,2,1,2,2
2240,1,2,2,2
2241,2,2,2,2
2242,0,1,2,2
2243,2,2,2,2
2244,2,2,1,2
2245,0,1,2,2
2246,2,2,2,2
2247,2,2,2,2
2248,1,2,2,2
2249,2,2,2,2
2250,2,2,2,2
2251,2,2,2,2
2252,2,2,2,2
2253,2,2,2,2
2254,1,1,1,2
2255,2,2,2,2
2256,2,1,2,2
2257,2,2,2,2
2258,2,2,1,2
2259,2,1,2,2
2260,1,1,1,2
2261,0,1,2,2
2262,2,2,2,2
2263,2,2,2,2
2264,0,1,2,0
2265,0,2,2,0
2266,2,2,2,2
2267,2,1,2,2
2268,0,1,2,2
2269,2,2,2,2
2270,2,2,2,2
2271,0,1,2,2
2272,1,2,2,2
2273,2,2,2,2
2274,1,2,1,2
2275,0,1,0,2
2276,1,2,2,2
2277,2,1,2,2
2278,2,2,2,2
2279,0,1,2,2
2280,2,2,2,2
2281,2,2,2,2
2282,2,2,2,2
2283,0,0,0,1
2284,2,2,2,2
2285,2,1,2,1
2286,0,2,2,2
2287,2,0,2,0
2288,2,1,2,2
2289,0,1,1,0
2290,0,2,2,2
2291,2,2,2,2
2292,2,1,2,2
2293,1,1,2,2
2294,2,2,2,2
2295,2,2,2,2
2296,0,0,1,0
2297,2,1,2,2
2298,0,2,2,2
2299,2,2,2,2
2300,1,2,2,2
2301,1,2,2,1
2302,2,1,0,2
2303,2,1,2,2
2304,0,1,2,0
2305,2,2,2,2
2306,2,2,2,2
2307,0,1,1,2
2308,2,1,2,2
2309,0,0,0,0
2310,2,2,2,2
2311,2,2,1,2
2312,2,2,2,2
2313,2,2,2,2
2314,2,2,2,2
2315,2,1,2,2
2316,2,2,2,2
2317,2,2,2,2
2318,1,1,1,1
2319,2,2,2,2
2320,2,2,2,2
2321,1,1,1,2
2322,2,2,2,2
2323,2,2,2,2
2324,1,2,2,2
2325,2,2,2,2
2326,2,2,2,2
2327,2,2,2,2
2328,2,2,2,2
2329,2,1,2,2
2330,2,2,2,2
2331,2,2,2,2
2332,2,2,2,2
2333,2,2,2,2
2334,2,1,1,2
2335,0,1,2,2
2336,0,0,0,2
2337,2,1,2,2
2338,2,2,2,2
2339,2,2,2,2
2340,2,2,2,2
2341,2,2,2,2
2342,2,2,2,2
2343,2,2,2,2
2344,0,2,2,2
2345,2,1,1,2
2346,2,1,2,0
2347,2,1,1,2
2348,0,2,2,2
2349,2,2,2,2
2350,1,2,2,2
2351,0,1,2,2
2352,2,2,2,2
2353,2,2,2,2
2354,2,2,2,2
2355,2,2,2,2
2356,1,2,2,2
2357,2,1,2,0
2358,2,2,2,2
2359,0,0,1,2
2360,2,2,2,2
2361,2,2,2,2
2362,0,1,2,0
2363,2,1,2,2
2364,1,1,1,2
2365,2,2,2,2
2366,2,2,2,2
2367,2,2,2,2
2368,2,2,2,2
2369,2,2,2,2
2370,2,2,1,2
2371,2,2,2,2
2372,0,2,2,2
2373,2,2,2,2
2374,1,0,2,0
2375,2,2,2,2
2376,2,1,2,2
2377,2,1,2,2
2378,2,2,2,2
2379,2,2,2,2
2380,1,1,2,2
2381,1,2,2,2
2382,2,2,2,2
2383,2,2,2,2
2384,2,1,1,2
2385,2,2,2,2
2386,1,2,1,2
2387,2,2,2,2
